1 401 178 52 210 451 61 18 152 35 296 500 228 54 462 224 386 506 262 362
0 1 334 94 100 227 363 40 490 179 39 339 494 13 337 170 408 215 86 119
0 0 338 402 127 242 496 448 312 350 151 227 156 490 114 432 68 460 18 405
0 0 0 440 393 391 117 388 246 475 392 316 246 467 407 146 372 207 320 42
0 0 1 105 510 397 186 147 357 139 58 189 245 148 427 424 197 176 318 429
0 0 0 1 0 483 252 432 246 447 360 307 129 299 23 328 290 174 383 368
0 0 0 0 0 0 500 364 145 232 297 421 414 411 200 428 170 200 198 389
0 0 0 0 0 0 0 1 261 141 171 404 209 146 429 193 149 476 49 310
0 0 0 0 0 0 0 0 1 480 277 98 213 456 353 64 318 226 25 303
0 0 0 0 0 0 0 0 0 476 275 475 306 360 312 199 446 72 101 273
0 0 0 0 0 0 1 0 0 252 510 428 374 106 101 164 213 361 283 397
0 0 0 0 0 1 0 0 0 263 0 510 183 504 308 414 469 475 366 340
0 0 0 0 0 0 0 0 0 0 0 0 1 370 87 28 309 90 44 75
0 0 0 0 0 0 0 0 0 1 0 0 0 510 285 307 66 480 447 12
0 0 0 0 0 0 0 0 0 0 0 0 0 0 1 390 108 486 486 350
0 0 0 0 0 0 0 0 0 0 0 0 0 0 0 1 434 358 288 345
0 0 0 0 0 0 0 0 0 0 0 0 0 0 0 0 1 505 385 254
0 0 0 0 0 0 0 0 0 0 0 0 0 0 0 0 0 1 372 505
0 0 0 0 0 0 0 0 0 0 0 0 0 0 0 0 0 0 1 361
0 0 0 0 0 0 0 0 0 0 0 0 0 0 0 0 0 0 0 1
